-----------------------------EASY SUDOKU-----------------------------------------
Analyzing the following grid
2 7 3 |1 6 5 |9 8 4 
8 5 9 |7 3 4 |2 1 6 
4 1 6 |2 8 9 |5 7 3 
------+------+------
1 8 7 |5 9 3 |6 4 2 
3 9 4 |8 2 6 |1 5 7 
5 6 2 |4 7 1 |3 9 8 
------+------+------
7 3 1 |6 5 8 |4 2 9 
6 2 5 |9 4 7 |8 3 1 
9 4 8 |3 1 2 |7 6 5 

2 7 3 |1 6 5 |9 8 4 
8 5 9 |7 3 4 |2 1 6 
4 1 6 |2 8 9 |5 7 3 
------+------+------
1 8 7 |5 9 3 |6 4 2 
3 9 4 |8 2 6 |1 5 7 
5 6 2 |4 7 1 |3 9 8 
------+------+------
7 3 1 |6 5 8 |4 2 9 
6 2 5 |9 4 7 |8 3 1 
9 4 8 |3 1 2 |7 6 5 

Solved in 0.003574848175048828 seconds

-----------------------------MEDIUM SUDOKU---------------------------------------
Analyzing the following grid
6 8 2 |3 1 9 |7 4 5 
5 3 4 |6 2 7 |1 8 9 
7 9 1 |8 4 5 |3 6 2 
------+------+------
3 1 6 |5 9 8 |4 2 7 
9 2 7 |4 6 1 |8 5 3 
8 4 5 |2 7 3 |6 9 1 
------+------+------
4 6 3 |1 5 2 |9 7 8 
1 5 9 |7 8 4 |2 3 6 
2 7 8 |9 3 6 |5 1 4 

6 8 2 |3 1 9 |7 4 5 
5 3 4 |6 2 7 |1 8 9 
7 9 1 |8 4 5 |3 6 2 
------+------+------
3 1 6 |5 9 8 |4 2 7 
9 2 7 |4 6 1 |8 5 3 
8 4 5 |2 7 3 |6 9 1 
------+------+------
4 6 3 |1 5 2 |9 7 8 
1 5 9 |7 8 4 |2 3 6 
2 7 8 |9 3 6 |5 1 4 

Solved in 0.0032482147216796875 seconds

------------------------------------EVIL SUDOKU----------------------------------
Analyzing the following grid
  2     1    468  |  5    4689  4689 |  34    7     34  
 457    9    4567 |  3    246   1246 |  8    145   1245 
 458    3    458  |  24    7    1248 | 1245   9     6   
------------------+------------------+------------------
  6     24   1459 |  8    2349   7   |12345  1345 12345 
14578  2478   3   | 246   246   246  |  9    1458 12458 
 489   248   489  |  1    2349   5   |  6    348    7   
------------------+------------------+------------------
  3     6    4789 | 2479   1    2489 | 457   458   458  
14789  478    2   | 479    5    489  | 1347   6    1348 
 1478   5    1478 | 467   468    3   | 147    2     9   

2 1 8 |5 6 9 |4 7 3 
7 9 6 |3 4 1 |8 5 2 
4 3 5 |2 7 8 |1 9 6 
------+------+------
6 4 1 |8 9 7 |2 3 5 
5 7 3 |4 2 6 |9 1 8 
8 2 9 |1 3 5 |6 4 7 
------+------+------
3 6 7 |9 1 2 |5 8 4 
9 8 2 |7 5 4 |3 6 1 
1 5 4 |6 8 3 |7 2 9 

Solved in 0.007654666900634766 seconds

--------------------HARDEST SUDOKU IN EXISTENCE----------------------------------
Analyzing the following grid
   8      1246   24569  |  2347   12357    1234  | 13569    4579  1345679 
 12459    124      3    |   6     12578    1248  |  1589   45789   14579  
  1456     7      456   |  348      9      1348  |   2      458    13456  
------------------------+------------------------+------------------------
 123469    5      2469  |  2389    2368     7    |  1689    2489   12469  
 12369   12368    269   |  2389     4       5    |   7      289     1269  
 24679    2468   24679  |   1      268     2689  |  5689     3     24569  
------------------------+------------------------+------------------------
 23457    234      1    | 23479    237     2349  |  359      6       8    
 23467    2346     8    |   5      2367   23469  |   39      1      2379  
 23567     9      2567  |  2378   123678  12368  |   4      257     2357  

8 1 2 |7 5 3 |6 4 9 
9 4 3 |6 8 2 |1 7 5 
6 7 5 |4 9 1 |2 8 3 
------+------+------
1 5 4 |2 3 7 |8 9 6 
3 6 9 |8 4 5 |7 2 1 
2 8 7 |1 6 9 |5 3 4 
------+------+------
5 2 1 |9 7 4 |3 6 8 
4 3 8 |5 2 6 |9 1 7 
7 9 6 |3 1 8 |4 5 2 

Solved in 0.02739739418029785 seconds

